390649
198533
395117
380670
1942493
1276225
2762901
392744
384293
965795
136802
2834809
48425
202799
5141
391048
579639
14016
2662338
3180267
2564428
116879
1515284
735910
4317
377315
7854
5076
103284
766205
3032364
12236
66732
18157
386905
17133
3869
2108390
5394929
933807
958756
37205
868306
3830
4234
2898367
3615
3700
6907884
3092716
695674
5341184
2853421
14946
372876
383172
692782
3659
46401
1089705
16026
5276
865986
2105488
53720
3603
49550
915215
8648
169896
392747
3799
1998893
648133
2755070
36530
55757
2215969
3787
380598
852930
697772
876487
2976497
2676947
2989530
2906409
6241296
393843
173390
748762
1096937
28798
3131126
13567
928397
2724445
391633
2782402
2947613
17769
3597
3542279
58799
2938750
376409
2910408
12699
1121235
396525
1552441
2896758
1084158
187557
1032423
870545
2782949
1469034
833016
2799785
630837
112344
623057
81287
1537065
45981
2878997
1320936
960267
313581
933920
49669
2730570
2742488
3164488
919264
392271
853456
1761814
80393
149053
2697593
396480
857879
733987
4108501
20297
788576
8352
37510
